x=-0.8095982407565278;y=0.20644475195559692;a=7.070788159271757e-21
x=-1.2507228225085063;y=-0.012216480572110264;a=4.56763840019647e-10
x=-0.7500080414782041;y=-0.0023020099052026063;a=1.836076329402399e-12
